[Nodes]
体育馆,308,276
校医院,192,340
玉兰苑餐厅,369,342
西北门,406,100
北门,895,168
南门,605,1086
运动场,513,345
西环,807,394
东环,959,389
南堂,885,394
大学生活动中心,510,398
旧图书馆,587,451
国际交流中心,1007,278
小黄山,1006,447
创造太阳,598,862
工科楼E座,762,1007
逸夫楼,557,1008
光华大道,613,1004
留学生及培训生公寓,903,949
博萃广场,882,237
荟萃苑餐厅,366,693
南教楼,643,692
唐岛湾餐厅,773,838
研究生公寓,873,723
荟萃广场,319,451
荟萃苑餐厅-西,263,692
基础实验楼,705,448
工科楼A座,392,891
工科楼B座,283,895
工科楼C座,236,893
工科楼D座,64,895
10号学生公寓,182,371
11号学生公寓,170,429
12号学生公寓,161,469
13号学生公寓,145,543
14号学生公寓,135,585
15号学生公寓,115,666
16号学生公寓,105,692
17号学生公寓,86,794
4号学生公寓,365,448
5号学生公寓,367,513
7号学生公寓,367,594
8号学生公寓,368,635
1号学生公寓,507,509
3号学生公寓,505,691
运动场2,749,340
东门,1019,393
2号学生公寓,514,552
逸夫楼-北,502,864
工科楼E座,776,950
南教楼-东北,767,691
新图书馆,866,600
运动场3,240,795
特种实验楼,368,797
工科楼E座-东北,868,943
图书馆-西,507,446
体育馆-东,378,231
国旗,574,553
光华大道-中,584,696
基础实验楼-东北,754,400
基础实验楼-东南,756,446
荟萃苑餐厅-西北,291,544
14号学生公寓-东,282,588
19号学生公寓-东南,503,798
10号学生公寓-东北,330,344
6号学生公寓,365,566
滨海公路,823.206,1128.47
[Edges]
体育馆,校医院,132.484,308 276,192 340
体育馆,玉兰苑餐厅,89.8721,308 276,369 342
校医院,10号学生公寓,32.573,192 340,182 371
11号学生公寓,10号学生公寓,59.2284,170 429,182 371
11号学生公寓,12号学生公寓,41,170 429,161 469
12号学生公寓,13号学生公寓,75.71,161 469,145 543
14号学生公寓,13号学生公寓,43.1741,135 585,145 543
14号学生公寓,15号学生公寓,83.4326,135 585,115 666
16号学生公寓,15号学生公寓,27.8568,105 692,115 666
16号学生公寓,荟萃苑餐厅-西,158,105 692,263 692
荟萃苑餐厅-西,荟萃苑餐厅,103.005,263 692,366 693
荟萃苑餐厅,8号学生公寓,58.0345,366 693,368 635
7号学生公寓,8号学生公寓,41.0122,367 594,368 635
5号学生公寓,4号学生公寓,65.0308,367 513,365 448
4号学生公寓,玉兰苑餐厅,106.075,365 448,369 342
玉兰苑餐厅,运动场,144.031,369 342,513 345
运动场,大学生活动中心,53.0848,513 345,510 398
大学生活动中心,图书馆-西,48.0937,510 398,507 446
图书馆-西,4号学生公寓,142.014,507 446,365 448
图书馆-西,1号学生公寓,63,507 446,507 509
1号学生公寓,2号学生公寓,43.566,507 509,514 552
2号学生公寓,3号学生公寓,139.291,514 552,505 691
荟萃苑餐厅,3号学生公寓,139.014,366 693,505 691
南教楼,南教楼-东北,124.004,643 692,767 691
南教楼-东北,新图书馆,134.469,767 691,866 600
新图书馆,小黄山,207.386,866 600,1006 447
小黄山,东门,55.5428,1006 447,1019 393
东环,东门,60.1332,959 389,1019 393
南堂,东环,74.1687,885 394,959 389
西环,南堂,78,807 394,885 394
博萃广场,北门,70.214,882 237,895 168
运动场2,博萃广场,168.22,749 340,882 237
博萃广场,东门,207.617,882 237,1019 393
旧图书馆,基础实验楼,118.038,587 451,705 448
16号学生公寓,17号学生公寓,103.755,105 692,86 794
17号学生公寓,运动场3,154.003,86 794,240 795
运动场3,荟萃苑餐厅-西,105.537,240 795,263 692
荟萃苑餐厅,特种实验楼,104.019,366 693,368 797
运动场3,特种实验楼,128.016,240 795,368 797
运动场3,工科楼C座,98.0816,240 795,236 893
工科楼C座,工科楼B座,47.0425,236 893,283 895
工科楼B座,工科楼A座,109.073,283 895,392 891
17号学生公寓,工科楼D座,103.368,86 794,64 895
工科楼D座,工科楼C座,172.012,64 895,236 893
逸夫楼-北,工科楼A座,113.265,502 864,392 891
逸夫楼-北,创造太阳,96.0208,502 864,598 862
创造太阳,光华大道,142.79,598 862,613 1004
光华大道,逸夫楼,56.1427,613 1004,557 1008
逸夫楼,创造太阳,151.648,557 1008,598 862
南教楼-东北,研究生公寓,110.725,767 691,873 723
研究生公寓,新图书馆,123.199,873 723,866 600
南教楼-东北,唐岛湾餐厅,147.122,767 691,773 838
唐岛湾餐厅,工科楼E座,112.04,773 838,776 950
工科楼E座-东北,工科楼E座,92.2659,868 943,776 950
留学生及培训生公寓,工科楼E座-东北,35.5106,903 949,868 943
工科楼E座,工科楼E座,58.6941,776 950,762 1007
工科楼E座,光华大道,149.03,762 1007,613 1004
光华大道,南门,82.3893,613 1004,605 1086
西北门,体育馆-东,133.959,406 100,378 231
体育馆-东,体育馆,83.2166,378 231,308 276
国旗,2号学生公寓,60.0083,574 553,514 552
国旗,旧图书馆,102.825,574 553,587 451
光华大道-中,创造太阳,166.589,584 696,598 862
3号学生公寓,光华大道-中,79.1581,505 691,584 696
光华大道-中,南教楼,59.1354,584 696,643 692
国旗,光华大道-中,143.349,574 553,584 696
基础实验楼,基础实验楼-东南,51.0392,705 448,756 446
基础实验楼-东北,基础实验楼-东南,46.0435,754 400,756 446
西环,基础实验楼-东北,53.3385,807 394,754 400
大学生活动中心,基础实验楼-东北,244.008,510 398,754 400
基础实验楼-东南,小黄山,250.002,756 446,1006 447
国际交流中心,东门,115.624,1007 278,1019 393
运动场2,基础实验楼-东北,60.208,749 340,754 400
运动场,运动场2,236.053,513 345,749 340
荟萃广场,4号学生公寓,46.0977,319 451,365 448
荟萃广场,荟萃苑餐厅-西北,97.1236,319 451,291 544
荟萃苑餐厅-西北,13号学生公寓,146.003,291 544,145 543
荟萃苑餐厅-西北,14号学生公寓-东,44.911,291 544,282 588
14号学生公寓,14号学生公寓-东,147.031,135 585,282 588
荟萃苑餐厅-西,14号学生公寓-东,105.721,263 692,282 588
19号学生公寓-东南,特种实验楼,135.004,503 798,368 797
19号学生公寓-东南,3号学生公寓,107.019,503 798,505 691
19号学生公寓-东南,逸夫楼-北,66.0076,503 798,502 864
特种实验楼,工科楼A座,97.0155,368 797,392 891
研究生公寓,工科楼E座-东北,220.057,873 723,868 943
11号学生公寓,荟萃广场,150.615,170 429,319 451
10号学生公寓-东北,玉兰苑餐厅,39.0512,330 344,369 342
体育馆,10号学生公寓-东北,71.4703,308 276,330 344
校医院,10号学生公寓-东北,138.058,192 340,330 344
10号学生公寓-东北,荟萃广场,107.564,330 344,319 451
5号学生公寓,6号学生公寓,53.0377,367 513,365 566
6号学生公寓,7号学生公寓,28.0713,365 566,367 594
荟萃苑餐厅-西北,6号学生公寓,77.201,291 544,365 566
6号学生公寓,14号学生公寓-东,85.8662,365 566,282 588
3号学生公寓,19号学生公寓-东南,107.019,505 691,503 798
19号学生公寓-东南,逸夫楼-北,66.0076,503 798,502 864
西北门,北门,493.705,406 100,895 168
北门,国际交流中心,156.984,895 168,1007 278
